25 20 10 10
0 dc02 12285
1 dc03 12286
2 dc04 12287
3 dc05 12282
4 dc06 12289
5 dc07 12295
6 dc08 12785
7 dc09 12786
8 dc10 12796
9 dc11 12787
10 dc12 12782
11 dc13 12789
12 dc14 12995
13 dc15 12985
14 dc16 12986
15 dc17 12987
16 dc18 12982
17 dc19 12989
18 dc20 12995
19 dc21 14285
20 dc22 14286
21 dc23 14287
22 dc24 14282
23 dc25 14289
24 dc26 14295
0 1 2 3 4 5 10 15 20
0 1 2 3 4 6 11 16 21
0 1 2 3 4 7 12 17 22
0 1 2 3 4 8 13 18 23
0 1 2 3 4 9 14 19 24
5 6 7 8 9 0 10 15 20
5 6 7 8 9 1 11 16 21
5 6 7 8 9 2 12 17 22
5 6 7 8 9 3 13 18 23
5 6 7 8 9 4 14 19 24
10 11 12 13 14 0 5 15 20
10 11 12 13 14 1 6 16 21
10 11 12 13 14 2 7 17 22
10 11 12 13 14 3 8 18 23
10 11 12 13 14 4 9 19 24
15 16 17 18 19 0 5 10 20
15 16 17 18 19 1 6 11 21
15 16 17 18 19 2 7 12 22
15 16 17 18 19 3 8 13 23
15 16 17 18 19 4 9 14 24
20 21 22 23 24 0 5 10 15
20 21 22 23 24 1 6 11 16
20 21 22 23 24 2 7 12 17
20 21 22 23 24 3 8 13 18
20 21 22 23 24 4 9 14 19